19197150017168348647637444761574056085892113128837806656103202695947404121041
6107337970953772331935060699094616968094917531527429329943831301900810924516
20575788126608106922943204095946754832014878396372051910497779977373199473801
6806273738146112302387246303015790712687484496812518163473876434175948811908
11575941733077976330001590281545868521903512850793836867569015439341806316347
7744965480224797645567103710510582861553261321083876293073512899272180676007
3213954551400570546277161753038808942306672955603835479321891257429556855723
4242679928488659663352897002196166806896844717916135289086653403242349314811
2
7271363370331849368991087636657333183556798873033933153640869933082501871579
5753984985603267932740675869148601132644099837945163904398873021333826631813
20736816067007034120031642906379777308478305251835816586815230400314800693569
13283776937830503972379675942589170564437067914407366500677534106096842665058
304182444555588456255948481719257180872471493631021243957194441224256670147 715348868578904739000148142388493480705853635289200715603655874577333283643 8435946866478749988382220093835202787109079049644611590131984604028246819664 17158020620780274753790181733012347511779791626579370735494595364799246788350 6246209519096430834270966398824710341129563907249709889581663068146054496346 15041510349247055461183188276347914425326796519991664433756169451195357423085 21827577778639462794911754191318501385146792273201363633361143028017626950238 12545251725288258429755935898357301473162465472806660502654461909007685813892 1581252412666382126765015175080035855555879240795643731537472365975363109002 12179097239755904800090514134244738166273452783080963645655547735479945002837 18619046592615527472019101075198227188253214540726225277402330292821491248829 5630440807655418389428237385539763853064074496617390281037955402316971345174
