-0.16268674	0.07860029	-0.01676246	-0.02282156	0.0911659
0.11989387	0.14637102	0.04587629	0.11310198	0.14252824
-0.00872702 -0.02415553	-0.10898958	0.1451053	0.02194786
-0.02178467	0.09809516	0.07351624	0.14946951 -0.2010366
-0.04836947	0.004029	0.18009551 -0.21730913 -0.03432053

0.21043351	0.1808166	0.04651547	0.10331344	0.10330018
0.1734708	-0.08872341 -0.10545326	0.18295194	0.08819477
-0.10201039 -0.06768499	0.07796627	0.00971478 -0.3072641
-0.08049388 -0.03487251	0.10133552 -0.06426726	0.04815016
0.15680194	0.11935981 -0.11208142	0.17217176 -0.1987793

0.12022668	0.22214586	0.00717604	0.04253269	0.20381427
0.03815638	0.15155779	0.17561759	0.08070493	0.02416788
-0.15579295 -0.08876842 -0.13884597 -0.25452968 -0.29728702
0.03307146	0.06243787 -0.0810903	-0.21482812 -0.02645214
0.17960803	0.10118461 -0.1946789	0.00491829 -0.06846176

0.11197542	0.12464389	0.15697563	0.12689833	0.32892913
0.02135127	0.14778414	0.18583496 -0.17765367 -0.12263121
-0.11441963 -0.08057501 -0.02141692 -0.18288781 -0.18006863
0.09090593 -0.11209488 -0.14752433 -0.13688469	0.00904163
0.01793547	0.22096103	0.1639752	-0.07065265 -0.04155873

-0.19950122 -0.1378856	0.02015949 -0.11637603	0.15823606
-0.12064113 -0.2851226	-0.12191256	0.01018353 -0.15218283
0.02252572	0.03427662	0.08898827	0.00465816	0.20309806
0.00915721 -0.07134582 -0.11464866 -0.22055246	0.06034977
-0.11922619	0.02798845 -0.06148054 -0.02732689	0.0692336

0.06098877  0.16264956  0.06142526  0.00833505 -0.00319555
0.11118538 -0.05897236  0.01649537 -0.0347298  -0.04311636
0.02430134 -0.05396562 -0.18986568  0.17695819  0.15450688
0.01753907 -0.00531179  0.11451199 -0.2678688   0.13555568
-0.14728278  0.13955674 -0.02828466 -0.21581392 -0.06193082

0.1290955   0.01549165  0.08588772  0.04967909  0.35823256
0.04847723 -0.03661181  0.00547135  0.1252826  -0.02695136
0.01067289  0.06406634  0.01772398  0.0509729  -0.14059688
-0.09058283 -0.1729537   0.09968134 -0.29385108  0.10283333
-0.05748108  0.1357668   0.03652705 -0.07213213 -0.08062789

0.24680653 -0.17458653  0.09047123  0.07870491 -0.12776706
0.17235549  0.03304738  0.05935383 -0.08154985  0.31331423
-0.02238841  0.01193874  0.08050079  0.08587062 -0.18949325
-0.0148793  -0.15536533 -0.03011527 -0.18668172 -0.0373924
0.04958851  0.22653818 -0.01826513 -0.11994669 -0.14633162

0.02995789  0.02806549  0.02694074 -0.06188364  0.27851474
-0.08469334  0.04309463  0.2088435   0.10858018 -0.28234363
0.04006667 -0.10722211 -0.0897334  -0.24328117 -0.311876
-0.18573305 -0.04383514 -0.20496102 -0.20989637  0.06782592
0.20420249  0.0938868  -0.1052828  -0.05400733 -0.04606028

-0.09094728 -0.18459204  0.0614052  -0.12139111  0.00975667
-0.203749   -0.0623051  -0.1551879  -0.10630215 -0.17548709
0.02198534 -0.2084609   0.10451745 -0.07710578  0.25493366
0.07009958  0.00642395  0.06157817 -0.06007621 -0.04320873
0.01799891 -0.00188276 -0.16456033 -0.07481285 -0.10924838

-0.09797357  0.00265999  0.12911144 -0.03154206 -0.18251014
-0.31711727 -0.10978133  0.05971217 -0.02307716  0.06222458
-0.04330226  0.03854419  0.01317615  0.06994312  0.30278328
0.00327589 -0.02020045 -0.0451266  -0.06951237  0.15310907
-0.0733692  -0.04584216  0.13072944 -0.10192256  0.04950382

0.19151103 -0.11475156  0.20754637 -0.07869314 -0.02585329
-0.275708   -0.09396344  0.13782482 -0.054933    0.07525258
-0.02302135  0.12832677  0.21060374  0.23105903 -0.13861144
-0.04753494 -0.07970244  0.10727081 -0.04761231  0.11602408
-0.20782508 -0.01924454  0.09277174 -0.02670835 -0.02781207

0.06472961 -0.17491049  0.14635894 -0.10519417 -0.1084076
-0.06598744 -0.04458805  0.03204524 -0.11824098 -0.08872224
-0.16080117  0.06848645  0.2255476   0.08680204 -0.0460549
-0.04726142 -0.09563141  0.13041028  0.03258904  0.09356681
-0.17485847  0.04251577 -0.01065001 -0.05356041  0.082654

0.08114684 -0.11819584  0.06885935 -0.15778697  0.10235462
-0.2079296   0.05568397  0.2200384   0.1291186   0.10300889
0.09759658  0.02299581 -0.11248737  0.10958511 -0.12148642
-0.0764547   0.02019408 -0.2131901  -0.07071193  0.04775047
-0.1313501   0.15256298 -0.05293819  0.10885281  0.09007762

0.00459052 -0.12519206 -0.01182344 -0.1201366  -0.38951278
-0.18743797 -0.05096462 -0.15740325 -0.11938538 -0.14738734
0.12223739 -0.09205247 -0.02538902 -0.14218752  0.1538221
0.03308943 -0.07651496  0.07903483  0.24577793  0.01752644
-0.07799949 -0.00174616 -0.11982371  0.10807978 -0.11764374

0.01635698  0.05383346  0.03696663 -0.11821122 -0.09403197
-0.02482941 -0.03738508  0.03738166 -0.11052217 -0.2919099
0.01138477  0.22766636  0.11087573  0.01215122 -0.03167599
0.02417954 -0.19871159  0.01182729 -0.08917948  0.23679222
0.12315357 -0.09397335  0.06094307  0.23300725  0.14058504

0.13115573 -0.07173616  0.11544009  0.06244126  0.04300736
-0.18989287 -0.0762727   0.08164815 -0.10321745 -0.23677877
-0.1475718   0.16271424  0.04134551  0.13297075 -0.10395526
-0.07573898 -0.0235499  -0.10030132  0.03686752  0.3509029
-0.09473646 -0.16451013  0.16572635 -0.08134942  0.0876864

-0.19571605 -0.05629515 -0.01867954 -0.06926308 -0.27228332
-0.19006088  0.15690595  0.22162208  0.14184177 -0.07275561
0.026661   -0.07331117 -0.0458432   0.09174734  0.12485967
0.07179164  0.08048423  0.08241168  0.15081955  0.14422771
-0.03137074 -0.00451948 -0.05633242 -0.06675706  0.14696482

-0.16377765 -0.08094545 -0.15878952  0.11479244 -0.17624295
-0.17640135 -0.11086141  0.01225468 -0.0380169  -0.341279
0.07174972  0.16093528  0.14072266  0.16712666  0.17119245
-0.02422355 -0.06698456 -0.08904872  0.1786504  -0.07660612
0.00704188 -0.04315709  0.02665082 -0.02524102  0.05728298

0.1516134  -0.10073933  0.03661437 -0.00475862 -0.11717512
-0.04950548  0.21728168 -0.00846349 -0.20079213 -0.04644219
0.08737299  0.06993771 -0.08383697 -0.02951313 -0.12710594
-0.15013148 -0.06794296  0.1557483   0.17446385  0.11387317
0.16857432 -0.11079223 -0.00425241  0.26989084 -0.09259108

0.1122038  -0.10851377  0.0523799  -0.09056489 -0.1819943
-0.24092115  0.04747064  0.05999496 -0.08333077 -0.0833814
0.17852615 -0.05473515 -0.17054409  0.02919314 -0.05256246
-0.025722   -0.00387158  0.01652686  0.08413956  0.08049499
0.01493278 -0.02941253 -0.11410547 -0.00950794  0.02707619

0.00774268 -0.17771737  0.13689464 -0.0146521  -0.35109076
-0.12918064 -0.03474893  0.12546906  0.15454657  0.11244318
-0.09762047 -0.13476607 -0.10011578 -0.07773463  0.2530768
-0.06076915 -0.05598813  0.01766521  0.1987422   0.10408325
0.18623035 -0.12071427 -0.06795435 -0.06784077  0.17229165

0.0527101  -0.09160506  0.16764769  0.09417649 -0.1937433
0.00787786  0.14809108  0.09556177  0.04895206  0.21638131
-0.0781287   0.17549145  0.05417152  0.02975227  0.3265599
0.07916302 -0.0547523   0.06964879  0.18124275 -0.04156029
0.03288775 -0.14194643  0.01918584 -0.14525598  0.10567829

-0.08869939 -0.08681652 -0.13187008 -0.00797116 -0.03325683
0.01027317  0.022117   -0.03677734  0.23229504  0.17704716
0.14920536  0.17002714 -0.04107764 -0.03513643  0.18521193
-0.19516991 -0.17207135 -0.13574438  0.2254644  -0.05796367
0.05978204  0.09170029 -0.02149161 -0.04336155  0.07750942

0.03517832 -0.20098469  0.09512886 -0.07513522  0.07712112
-0.05379493  0.08899873 -0.0424012  -0.03696034 -0.09082265
-0.09797357  0.00265999  0.12911144 -0.03154206 -0.18251014
-0.02825726 -0.12058737  0.18736708 -0.07702588  0.0772982
-0.22441301  0.07869425  0.05731927  0.07466231 -0.18309405

-0.16268674	0.07860029	-0.01676246	-0.02282156	0.0911659
0.11989387	0.14637102	0.04587629	0.11310198	0.14252824
-0.00872702 -0.02415553	-0.10898958	0.1451053	0.02194786
-0.02178467	0.09809516	0.07351624	0.14946951 -0.2010366
-0.04836947	0.004029	0.18009551 -0.21730913 -0.03432053

0.21043351	0.1808166	0.04651547	0.10331344	0.10330018
0.1734708	-0.08872341 -0.10545326	0.18295194	0.08819477
-0.10201039 -0.06768499	0.07796627	0.00971478 -0.3072641
-0.08049388 -0.03487251	0.10133552 -0.06426726	0.04815016
0.15680194	0.11935981 -0.11208142	0.17217176 -0.1987793

0.12022668	0.22214586	0.00717604	0.04253269	0.20381427
0.03815638	0.15155779	0.17561759	0.08070493	0.02416788
-0.15579295 -0.08876842 -0.13884597 -0.25452968 -0.29728702
0.03307146	0.06243787 -0.0810903	-0.21482812 -0.02645214
0.17960803	0.10118461 -0.1946789	0.00491829 -0.06846176

0.11197542	0.12464389	0.15697563	0.12689833	0.32892913
0.02135127	0.14778414	0.18583496 -0.17765367 -0.12263121
-0.11441963 -0.08057501 -0.02141692 -0.18288781 -0.18006863
0.09090593 -0.11209488 -0.14752433 -0.13688469	0.00904163
0.01793547	0.22096103	0.1639752	-0.07065265 -0.04155873

-0.19950122 -0.1378856	0.02015949 -0.11637603	0.15823606
-0.12064113 -0.2851226	-0.12191256	0.01018353 -0.15218283
0.02252572	0.03427662	0.08898827	0.00465816	0.20309806
0.00915721 -0.07134582 -0.11464866 -0.22055246	0.06034977
-0.11922619	0.02798845 -0.06148054 -0.02732689	0.0692336

0.06098877  0.16264956  0.06142526  0.00833505 -0.00319555
0.11118538 -0.05897236  0.01649537 -0.0347298  -0.04311636
0.02430134 -0.05396562 -0.18986568  0.17695819  0.15450688
0.01753907 -0.00531179  0.11451199 -0.2678688   0.13555568
-0.14728278  0.13955674 -0.02828466 -0.21581392 -0.06193082

0.1290955   0.01549165  0.08588772  0.04967909  0.35823256
0.04847723 -0.03661181  0.00547135  0.1252826  -0.02695136
0.01067289  0.06406634  0.01772398  0.0509729  -0.14059688
-0.09058283 -0.1729537   0.09968134 -0.29385108  0.10283333
-0.05748108  0.1357668   0.03652705 -0.07213213 -0.08062789

0.24680653 -0.17458653  0.09047123  0.07870491 -0.12776706
0.17235549  0.03304738  0.05935383 -0.08154985  0.31331423
-0.02238841  0.01193874  0.08050079  0.08587062 -0.18949325
-0.0148793  -0.15536533 -0.03011527 -0.18668172 -0.0373924
0.04958851  0.22653818 -0.01826513 -0.11994669 -0.14633162

0.02995789  0.02806549  0.02694074 -0.06188364  0.27851474
-0.08469334  0.04309463  0.2088435   0.10858018 -0.28234363
0.04006667 -0.10722211 -0.0897334  -0.24328117 -0.311876
-0.18573305 -0.04383514 -0.20496102 -0.20989637  0.06782592
0.20420249  0.0938868  -0.1052828  -0.05400733 -0.04606028

-0.09094728 -0.18459204  0.0614052  -0.12139111  0.00975667
-0.203749   -0.0623051  -0.1551879  -0.10630215 -0.17548709
0.02198534 -0.2084609   0.10451745 -0.07710578  0.25493366
0.07009958  0.00642395  0.06157817 -0.06007621 -0.04320873
0.01799891 -0.00188276 -0.16456033 -0.07481285 -0.10924838

-0.09797357  0.00265999  0.12911144 -0.03154206 -0.18251014
-0.31711727 -0.10978133  0.05971217 -0.02307716  0.06222458
-0.04330226  0.03854419  0.01317615  0.06994312  0.30278328
0.00327589 -0.02020045 -0.0451266  -0.06951237  0.15310907
-0.0733692  -0.04584216  0.13072944 -0.10192256  0.04950382

0.19151103 -0.11475156  0.20754637 -0.07869314 -0.02585329
-0.275708   -0.09396344  0.13782482 -0.054933    0.07525258
-0.02302135  0.12832677  0.21060374  0.23105903 -0.13861144
-0.04753494 -0.07970244  0.10727081 -0.04761231  0.11602408
-0.20782508 -0.01924454  0.09277174 -0.02670835 -0.02781207

0.06472961 -0.17491049  0.14635894 -0.10519417 -0.1084076
-0.06598744 -0.04458805  0.03204524 -0.11824098 -0.08872224
-0.16080117  0.06848645  0.2255476   0.08680204 -0.0460549
-0.04726142 -0.09563141  0.13041028  0.03258904  0.09356681
-0.17485847  0.04251577 -0.01065001 -0.05356041  0.082654

0.08114684 -0.11819584  0.06885935 -0.15778697  0.10235462
-0.2079296   0.05568397  0.2200384   0.1291186   0.10300889
0.09759658  0.02299581 -0.11248737  0.10958511 -0.12148642
-0.0764547   0.02019408 -0.2131901  -0.07071193  0.04775047
-0.1313501   0.15256298 -0.05293819  0.10885281  0.09007762

0.00459052 -0.12519206 -0.01182344 -0.1201366  -0.38951278
-0.18743797 -0.05096462 -0.15740325 -0.11938538 -0.14738734
0.12223739 -0.09205247 -0.02538902 -0.14218752  0.1538221
0.03308943 -0.07651496  0.07903483  0.24577793  0.01752644
-0.07799949 -0.00174616 -0.11982371  0.10807978 -0.11764374

0.01635698  0.05383346  0.03696663 -0.11821122 -0.09403197
-0.02482941 -0.03738508  0.03738166 -0.11052217 -0.2919099
0.01138477  0.22766636  0.11087573  0.01215122 -0.03167599
0.02417954 -0.19871159  0.01182729 -0.08917948  0.23679222
0.12315357 -0.09397335  0.06094307  0.23300725  0.14058504

0.13115573 -0.07173616  0.11544009  0.06244126  0.04300736
-0.18989287 -0.0762727   0.08164815 -0.10321745 -0.23677877
-0.1475718   0.16271424  0.04134551  0.13297075 -0.10395526
-0.07573898 -0.0235499  -0.10030132  0.03686752  0.3509029
-0.09473646 -0.16451013  0.16572635 -0.08134942  0.0876864

-0.19571605 -0.05629515 -0.01867954 -0.06926308 -0.27228332
-0.19006088  0.15690595  0.22162208  0.14184177 -0.07275561
0.026661   -0.07331117 -0.0458432   0.09174734  0.12485967
0.07179164  0.08048423  0.08241168  0.15081955  0.14422771
-0.03137074 -0.00451948 -0.05633242 -0.06675706  0.14696482

-0.16377765 -0.08094545 -0.15878952  0.11479244 -0.17624295
-0.17640135 -0.11086141  0.01225468 -0.0380169  -0.341279
0.07174972  0.16093528  0.14072266  0.16712666  0.17119245
-0.02422355 -0.06698456 -0.08904872  0.1786504  -0.07660612
0.00704188 -0.04315709  0.02665082 -0.02524102  0.05728298

0.1516134  -0.10073933  0.03661437 -0.00475862 -0.11717512
-0.04950548  0.21728168 -0.00846349 -0.20079213 -0.04644219
0.08737299  0.06993771 -0.08383697 -0.02951313 -0.12710594
-0.15013148 -0.06794296  0.1557483   0.17446385  0.11387317
0.16857432 -0.11079223 -0.00425241  0.26989084 -0.09259108

0.1122038  -0.10851377  0.0523799  -0.09056489 -0.1819943
-0.24092115  0.04747064  0.05999496 -0.08333077 -0.0833814
0.17852615 -0.05473515 -0.17054409  0.02919314 -0.05256246
-0.025722   -0.00387158  0.01652686  0.08413956  0.08049499
0.01493278 -0.02941253 -0.11410547 -0.00950794  0.02707619

0.00774268 -0.17771737  0.13689464 -0.0146521  -0.35109076
-0.12918064 -0.03474893  0.12546906  0.15454657  0.11244318
-0.09762047 -0.13476607 -0.10011578 -0.07773463  0.2530768
-0.06076915 -0.05598813  0.01766521  0.1987422   0.10408325
0.18623035 -0.12071427 -0.06795435 -0.06784077  0.17229165

0.0527101  -0.09160506  0.16764769  0.09417649 -0.1937433
0.00787786  0.14809108  0.09556177  0.04895206  0.21638131
-0.0781287   0.17549145  0.05417152  0.02975227  0.3265599
0.07916302 -0.0547523   0.06964879  0.18124275 -0.04156029
0.03288775 -0.14194643  0.01918584 -0.14525598  0.10567829

-0.08869939 -0.08681652 -0.13187008 -0.00797116 -0.03325683
0.01027317  0.022117   -0.03677734  0.23229504  0.17704716
0.14920536  0.17002714 -0.04107764 -0.03513643  0.18521193
-0.19516991 -0.17207135 -0.13574438  0.2254644  -0.05796367
0.05978204  0.09170029 -0.02149161 -0.04336155  0.07750942

0.03517832 -0.20098469  0.09512886 -0.07513522  0.07712112
-0.05379493  0.08899873 -0.0424012  -0.03696034 -0.09082265
-0.09797357  0.00265999  0.12911144 -0.03154206 -0.18251014
-0.02825726 -0.12058737  0.18736708 -0.07702588  0.0772982
-0.22441301  0.07869425  0.05731927  0.07466231 -0.18309405

-0.16268674	0.07860029	-0.01676246	-0.02282156	0.0911659
0.11989387	0.14637102	0.04587629	0.11310198	0.14252824
-0.00872702 -0.02415553	-0.10898958	0.1451053	0.02194786
-0.02178467	0.09809516	0.07351624	0.14946951 -0.2010366
-0.04836947	0.004029	0.18009551 -0.21730913 -0.03432053

0.21043351	0.1808166	0.04651547	0.10331344	0.10330018
0.1734708	-0.08872341 -0.10545326	0.18295194	0.08819477
-0.10201039 -0.06768499	0.07796627	0.00971478 -0.3072641
-0.08049388 -0.03487251	0.10133552 -0.06426726	0.04815016
0.15680194	0.11935981 -0.11208142	0.17217176 -0.1987793

0.12022668	0.22214586	0.00717604	0.04253269	0.20381427
0.03815638	0.15155779	0.17561759	0.08070493	0.02416788
-0.15579295 -0.08876842 -0.13884597 -0.25452968 -0.29728702
0.03307146	0.06243787 -0.0810903	-0.21482812 -0.02645214
0.17960803	0.10118461 -0.1946789	0.00491829 -0.06846176

0.11197542	0.12464389	0.15697563	0.12689833	0.32892913
0.02135127	0.14778414	0.18583496 -0.17765367 -0.12263121
-0.11441963 -0.08057501 -0.02141692 -0.18288781 -0.18006863
0.09090593 -0.11209488 -0.14752433 -0.13688469	0.00904163
0.01793547	0.22096103	0.1639752	-0.07065265 -0.04155873

-0.19950122 -0.1378856	0.02015949 -0.11637603	0.15823606
-0.12064113 -0.2851226	-0.12191256	0.01018353 -0.15218283
0.02252572	0.03427662	0.08898827	0.00465816	0.20309806
0.00915721 -0.07134582 -0.11464866 -0.22055246	0.06034977
-0.11922619	0.02798845 -0.06148054 -0.02732689	0.0692336

0.06098877  0.16264956  0.06142526  0.00833505 -0.00319555
0.11118538 -0.05897236  0.01649537 -0.0347298  -0.04311636
0.02430134 -0.05396562 -0.18986568  0.17695819  0.15450688
0.01753907 -0.00531179  0.11451199 -0.2678688   0.13555568
-0.14728278  0.13955674 -0.02828466 -0.21581392 -0.06193082

0.1290955   0.01549165  0.08588772  0.04967909  0.35823256
0.04847723 -0.03661181  0.00547135  0.1252826  -0.02695136
0.01067289  0.06406634  0.01772398  0.0509729  -0.14059688
-0.09058283 -0.1729537   0.09968134 -0.29385108  0.10283333
-0.05748108  0.1357668   0.03652705 -0.07213213 -0.08062789

0.24680653 -0.17458653  0.09047123  0.07870491 -0.12776706
0.17235549  0.03304738  0.05935383 -0.08154985  0.31331423
-0.02238841  0.01193874  0.08050079  0.08587062 -0.18949325
-0.0148793  -0.15536533 -0.03011527 -0.18668172 -0.0373924
0.04958851  0.22653818 -0.01826513 -0.11994669 -0.14633162

0.02995789  0.02806549  0.02694074 -0.06188364  0.27851474
-0.08469334  0.04309463  0.2088435   0.10858018 -0.28234363
0.04006667 -0.10722211 -0.0897334  -0.24328117 -0.311876
-0.18573305 -0.04383514 -0.20496102 -0.20989637  0.06782592
0.20420249  0.0938868  -0.1052828  -0.05400733 -0.04606028

-0.09094728 -0.18459204  0.0614052  -0.12139111  0.00975667
-0.203749   -0.0623051  -0.1551879  -0.10630215 -0.17548709
0.02198534 -0.2084609   0.10451745 -0.07710578  0.25493366
0.07009958  0.00642395  0.06157817 -0.06007621 -0.04320873
0.01799891 -0.00188276 -0.16456033 -0.07481285 -0.10924838

-0.09797357  0.00265999  0.12911144 -0.03154206 -0.18251014
-0.31711727 -0.10978133  0.05971217 -0.02307716  0.06222458
-0.04330226  0.03854419  0.01317615  0.06994312  0.30278328
0.00327589 -0.02020045 -0.0451266  -0.06951237  0.15310907
-0.0733692  -0.04584216  0.13072944 -0.10192256  0.04950382

0.19151103 -0.11475156  0.20754637 -0.07869314 -0.02585329
-0.275708   -0.09396344  0.13782482 -0.054933    0.07525258
-0.02302135  0.12832677  0.21060374  0.23105903 -0.13861144
-0.04753494 -0.07970244  0.10727081 -0.04761231  0.11602408
-0.20782508 -0.01924454  0.09277174 -0.02670835 -0.02781207

0.06472961 -0.17491049  0.14635894 -0.10519417 -0.1084076
-0.06598744 -0.04458805  0.03204524 -0.11824098 -0.08872224
-0.16080117  0.06848645  0.2255476   0.08680204 -0.0460549
-0.04726142 -0.09563141  0.13041028  0.03258904  0.09356681
-0.17485847  0.04251577 -0.01065001 -0.05356041  0.082654

0.08114684 -0.11819584  0.06885935 -0.15778697  0.10235462
-0.2079296   0.05568397  0.2200384   0.1291186   0.10300889
0.09759658  0.02299581 -0.11248737  0.10958511 -0.12148642
-0.0764547   0.02019408 -0.2131901  -0.07071193  0.04775047
-0.1313501   0.15256298 -0.05293819  0.10885281  0.09007762

0.00459052 -0.12519206 -0.01182344 -0.1201366  -0.38951278
-0.18743797 -0.05096462 -0.15740325 -0.11938538 -0.14738734
0.12223739 -0.09205247 -0.02538902 -0.14218752  0.1538221
0.03308943 -0.07651496  0.07903483  0.24577793  0.01752644
-0.07799949 -0.00174616 -0.11982371  0.10807978 -0.11764374

0.01635698  0.05383346  0.03696663 -0.11821122 -0.09403197
-0.02482941 -0.03738508  0.03738166 -0.11052217 -0.2919099
0.01138477  0.22766636  0.11087573  0.01215122 -0.03167599
0.02417954 -0.19871159  0.01182729 -0.08917948  0.23679222
0.12315357 -0.09397335  0.06094307  0.23300725  0.14058504

0.13115573 -0.07173616  0.11544009  0.06244126  0.04300736
-0.18989287 -0.0762727   0.08164815 -0.10321745 -0.23677877
-0.1475718   0.16271424  0.04134551  0.13297075 -0.10395526
-0.07573898 -0.0235499  -0.10030132  0.03686752  0.3509029
-0.09473646 -0.16451013  0.16572635 -0.08134942  0.0876864

-0.19571605 -0.05629515 -0.01867954 -0.06926308 -0.27228332
-0.19006088  0.15690595  0.22162208  0.14184177 -0.07275561
0.026661   -0.07331117 -0.0458432   0.09174734  0.12485967
0.07179164  0.08048423  0.08241168  0.15081955  0.14422771
-0.03137074 -0.00451948 -0.05633242 -0.06675706  0.14696482

-0.16377765 -0.08094545 -0.15878952  0.11479244 -0.17624295
-0.17640135 -0.11086141  0.01225468 -0.0380169  -0.341279
0.07174972  0.16093528  0.14072266  0.16712666  0.17119245
-0.02422355 -0.06698456 -0.08904872  0.1786504  -0.07660612
0.00704188 -0.04315709  0.02665082 -0.02524102  0.05728298

0.1516134  -0.10073933  0.03661437 -0.00475862 -0.11717512
-0.04950548  0.21728168 -0.00846349 -0.20079213 -0.04644219
0.08737299  0.06993771 -0.08383697 -0.02951313 -0.12710594
-0.15013148 -0.06794296  0.1557483   0.17446385  0.11387317
0.16857432 -0.11079223 -0.00425241  0.26989084 -0.09259108

0.1122038  -0.10851377  0.0523799  -0.09056489 -0.1819943
-0.24092115  0.04747064  0.05999496 -0.08333077 -0.0833814
0.17852615 -0.05473515 -0.17054409  0.02919314 -0.05256246
-0.025722   -0.00387158  0.01652686  0.08413956  0.08049499
0.01493278 -0.02941253 -0.11410547 -0.00950794  0.02707619

0.00774268 -0.17771737  0.13689464 -0.0146521  -0.35109076
-0.12918064 -0.03474893  0.12546906  0.15454657  0.11244318
-0.09762047 -0.13476607 -0.10011578 -0.07773463  0.2530768
-0.06076915 -0.05598813  0.01766521  0.1987422   0.10408325
0.18623035 -0.12071427 -0.06795435 -0.06784077  0.17229165

0.0527101  -0.09160506  0.16764769  0.09417649 -0.1937433
0.00787786  0.14809108  0.09556177  0.04895206  0.21638131
-0.0781287   0.17549145  0.05417152  0.02975227  0.3265599
0.07916302 -0.0547523   0.06964879  0.18124275 -0.04156029
0.03288775 -0.14194643  0.01918584 -0.14525598  0.10567829

-0.08869939 -0.08681652 -0.13187008 -0.00797116 -0.03325683
0.01027317  0.022117   -0.03677734  0.23229504  0.17704716
0.14920536  0.17002714 -0.04107764 -0.03513643  0.18521193
-0.19516991 -0.17207135 -0.13574438  0.2254644  -0.05796367
0.05978204  0.09170029 -0.02149161 -0.04336155  0.07750942

0.03517832 -0.20098469  0.09512886 -0.07513522  0.07712112
-0.05379493  0.08899873 -0.0424012  -0.03696034 -0.09082265
-0.09797357  0.00265999  0.12911144 -0.03154206 -0.18251014
-0.02825726 -0.12058737  0.18736708 -0.07702588  0.0772982
-0.22441301  0.07869425  0.05731927  0.07466231 -0.18309405

-0.16268674	0.07860029	-0.01676246	-0.02282156	0.0911659
0.11989387	0.14637102	0.04587629	0.11310198	0.14252824
-0.00872702 -0.02415553	-0.10898958	0.1451053	0.02194786
-0.02178467	0.09809516	0.07351624	0.14946951 -0.2010366
-0.04836947	0.004029	0.18009551 -0.21730913 -0.03432053

0.21043351	0.1808166	0.04651547	0.10331344	0.10330018
0.1734708	-0.08872341 -0.10545326	0.18295194	0.08819477
-0.10201039 -0.06768499	0.07796627	0.00971478 -0.3072641
-0.08049388 -0.03487251	0.10133552 -0.06426726	0.04815016
0.15680194	0.11935981 -0.11208142	0.17217176 -0.1987793

0.12022668	0.22214586	0.00717604	0.04253269	0.20381427
0.03815638	0.15155779	0.17561759	0.08070493	0.02416788
-0.15579295 -0.08876842 -0.13884597 -0.25452968 -0.29728702
0.03307146	0.06243787 -0.0810903	-0.21482812 -0.02645214
0.17960803	0.10118461 -0.1946789	0.00491829 -0.06846176

0.11197542	0.12464389	0.15697563	0.12689833	0.32892913
0.02135127	0.14778414	0.18583496 -0.17765367 -0.12263121
-0.11441963 -0.08057501 -0.02141692 -0.18288781 -0.18006863
0.09090593 -0.11209488 -0.14752433 -0.13688469	0.00904163
0.01793547	0.22096103	0.1639752	-0.07065265 -0.04155873

-0.19950122 -0.1378856	0.02015949 -0.11637603	0.15823606
-0.12064113 -0.2851226	-0.12191256	0.01018353 -0.15218283
0.02252572	0.03427662	0.08898827	0.00465816	0.20309806
0.00915721 -0.07134582 -0.11464866 -0.22055246	0.06034977
-0.11922619	0.02798845 -0.06148054 -0.02732689	0.0692336

0.06098877  0.16264956  0.06142526  0.00833505 -0.00319555
0.11118538 -0.05897236  0.01649537 -0.0347298  -0.04311636
0.02430134 -0.05396562 -0.18986568  0.17695819  0.15450688
0.01753907 -0.00531179  0.11451199 -0.2678688   0.13555568
-0.14728278  0.13955674 -0.02828466 -0.21581392 -0.06193082

0.1290955   0.01549165  0.08588772  0.04967909  0.35823256
0.04847723 -0.03661181  0.00547135  0.1252826  -0.02695136
0.01067289  0.06406634  0.01772398  0.0509729  -0.14059688
-0.09058283 -0.1729537   0.09968134 -0.29385108  0.10283333
-0.05748108  0.1357668   0.03652705 -0.07213213 -0.08062789

0.24680653 -0.17458653  0.09047123  0.07870491 -0.12776706
0.17235549  0.03304738  0.05935383 -0.08154985  0.31331423
-0.02238841  0.01193874  0.08050079  0.08587062 -0.18949325
-0.0148793  -0.15536533 -0.03011527 -0.18668172 -0.0373924
0.04958851  0.22653818 -0.01826513 -0.11994669 -0.14633162

0.02995789  0.02806549  0.02694074 -0.06188364  0.27851474
-0.08469334  0.04309463  0.2088435   0.10858018 -0.28234363
0.04006667 -0.10722211 -0.0897334  -0.24328117 -0.311876
-0.18573305 -0.04383514 -0.20496102 -0.20989637  0.06782592
0.20420249  0.0938868  -0.1052828  -0.05400733 -0.04606028

-0.09094728 -0.18459204  0.0614052  -0.12139111  0.00975667
-0.203749   -0.0623051  -0.1551879  -0.10630215 -0.17548709
0.02198534 -0.2084609   0.10451745 -0.07710578  0.25493366
0.07009958  0.00642395  0.06157817 -0.06007621 -0.04320873
0.01799891 -0.00188276 -0.16456033 -0.07481285 -0.10924838

-0.09797357  0.00265999  0.12911144 -0.03154206 -0.18251014
-0.31711727 -0.10978133  0.05971217 -0.02307716  0.06222458
-0.04330226  0.03854419  0.01317615  0.06994312  0.30278328
0.00327589 -0.02020045 -0.0451266  -0.06951237  0.15310907
-0.0733692  -0.04584216  0.13072944 -0.10192256  0.04950382

0.19151103 -0.11475156  0.20754637 -0.07869314 -0.02585329
-0.275708   -0.09396344  0.13782482 -0.054933    0.07525258
-0.02302135  0.12832677  0.21060374  0.23105903 -0.13861144
-0.04753494 -0.07970244  0.10727081 -0.04761231  0.11602408
-0.20782508 -0.01924454  0.09277174 -0.02670835 -0.02781207

0.06472961 -0.17491049  0.14635894 -0.10519417 -0.1084076
-0.06598744 -0.04458805  0.03204524 -0.11824098 -0.08872224
-0.16080117  0.06848645  0.2255476   0.08680204 -0.0460549
-0.04726142 -0.09563141  0.13041028  0.03258904  0.09356681
-0.17485847  0.04251577 -0.01065001 -0.05356041  0.082654

0.08114684 -0.11819584  0.06885935 -0.15778697  0.10235462
-0.2079296   0.05568397  0.2200384   0.1291186   0.10300889
0.09759658  0.02299581 -0.11248737  0.10958511 -0.12148642
-0.0764547   0.02019408 -0.2131901  -0.07071193  0.04775047
-0.1313501   0.15256298 -0.05293819  0.10885281  0.09007762

0.00459052 -0.12519206 -0.01182344 -0.1201366  -0.38951278
-0.18743797 -0.05096462 -0.15740325 -0.11938538 -0.14738734
0.12223739 -0.09205247 -0.02538902 -0.14218752  0.1538221
0.03308943 -0.07651496  0.07903483  0.24577793  0.01752644
-0.07799949 -0.00174616 -0.11982371  0.10807978 -0.11764374

0.01635698  0.05383346  0.03696663 -0.11821122 -0.09403197
-0.02482941 -0.03738508  0.03738166 -0.11052217 -0.2919099
0.01138477  0.22766636  0.11087573  0.01215122 -0.03167599
0.02417954 -0.19871159  0.01182729 -0.08917948  0.23679222
0.12315357 -0.09397335  0.06094307  0.23300725  0.14058504

0.13115573 -0.07173616  0.11544009  0.06244126  0.04300736
-0.18989287 -0.0762727   0.08164815 -0.10321745 -0.23677877
-0.1475718   0.16271424  0.04134551  0.13297075 -0.10395526
-0.07573898 -0.0235499  -0.10030132  0.03686752  0.3509029
-0.09473646 -0.16451013  0.16572635 -0.08134942  0.0876864

-0.19571605 -0.05629515 -0.01867954 -0.06926308 -0.27228332
-0.19006088  0.15690595  0.22162208  0.14184177 -0.07275561
0.026661   -0.07331117 -0.0458432   0.09174734  0.12485967
0.07179164  0.08048423  0.08241168  0.15081955  0.14422771
-0.03137074 -0.00451948 -0.05633242 -0.06675706  0.14696482

-0.16377765 -0.08094545 -0.15878952  0.11479244 -0.17624295
-0.17640135 -0.11086141  0.01225468 -0.0380169  -0.341279
0.07174972  0.16093528  0.14072266  0.16712666  0.17119245
-0.02422355 -0.06698456 -0.08904872  0.1786504  -0.07660612
0.00704188 -0.04315709  0.02665082 -0.02524102  0.05728298

0.1516134  -0.10073933  0.03661437 -0.00475862 -0.11717512
-0.04950548  0.21728168 -0.00846349 -0.20079213 -0.04644219
0.08737299  0.06993771 -0.08383697 -0.02951313 -0.12710594
-0.15013148 -0.06794296  0.1557483   0.17446385  0.11387317
0.16857432 -0.11079223 -0.00425241  0.26989084 -0.09259108

0.1122038  -0.10851377  0.0523799  -0.09056489 -0.1819943
-0.24092115  0.04747064  0.05999496 -0.08333077 -0.0833814
0.17852615 -0.05473515 -0.17054409  0.02919314 -0.05256246
-0.025722   -0.00387158  0.01652686  0.08413956  0.08049499
0.01493278 -0.02941253 -0.11410547 -0.00950794  0.02707619

0.00774268 -0.17771737  0.13689464 -0.0146521  -0.35109076
-0.12918064 -0.03474893  0.12546906  0.15454657  0.11244318
-0.09762047 -0.13476607 -0.10011578 -0.07773463  0.2530768
-0.06076915 -0.05598813  0.01766521  0.1987422   0.10408325
0.18623035 -0.12071427 -0.06795435 -0.06784077  0.17229165

0.0527101  -0.09160506  0.16764769  0.09417649 -0.1937433
0.00787786  0.14809108  0.09556177  0.04895206  0.21638131
-0.0781287   0.17549145  0.05417152  0.02975227  0.3265599
0.07916302 -0.0547523   0.06964879  0.18124275 -0.04156029
0.03288775 -0.14194643  0.01918584 -0.14525598  0.10567829

-0.08869939 -0.08681652 -0.13187008 -0.00797116 -0.03325683
0.01027317  0.022117   -0.03677734  0.23229504  0.17704716
0.14920536  0.17002714 -0.04107764 -0.03513643  0.18521193
-0.19516991 -0.17207135 -0.13574438  0.2254644  -0.05796367
0.05978204  0.09170029 -0.02149161 -0.04336155  0.07750942

0.03517832 -0.20098469  0.09512886 -0.07513522  0.07712112
-0.05379493  0.08899873 -0.0424012  -0.03696034 -0.09082265
-0.09797357  0.00265999  0.12911144 -0.03154206 -0.18251014
-0.02825726 -0.12058737  0.18736708 -0.07702588  0.0772982
-0.22441301  0.07869425  0.05731927  0.07466231 -0.18309405

0.1122038  -0.10851377  0.0523799  -0.09056489 -0.1819943
-0.24092115  0.04747064  0.05999496 -0.08333077 -0.0833814
0.17852615 -0.05473515 -0.17054409  0.02919314 -0.05256246
-0.025722   -0.00387158  0.01652686  0.08413956  0.08049499
0.01493278 -0.02941253 -0.11410547 -0.00950794  0.02707619

0.00774268 -0.17771737  0.13689464 -0.0146521  -0.35109076
-0.12918064 -0.03474893  0.12546906  0.15454657  0.11244318
-0.09762047 -0.13476607 -0.10011578 -0.07773463  0.2530768
-0.06076915 -0.05598813  0.01766521  0.1987422   0.10408325
0.18623035 -0.12071427 -0.06795435 -0.06784077  0.17229165

0.0527101  -0.09160506  0.16764769  0.09417649 -0.1937433
0.00787786  0.14809108  0.09556177  0.04895206  0.21638131
-0.0781287   0.17549145  0.05417152  0.02975227  0.3265599
0.07916302 -0.0547523   0.06964879  0.18124275 -0.04156029
0.03288775 -0.14194643  0.01918584 -0.14525598  0.10567829

-0.08869939 -0.08681652 -0.13187008 -0.00797116 -0.03325683
0.01027317  0.022117   -0.03677734  0.23229504  0.17704716
0.14920536  0.17002714 -0.04107764 -0.03513643  0.18521193
-0.19516991 -0.17207135 -0.13574438  0.2254644  -0.05796367
0.05978204  0.09170029 -0.02149161 -0.04336155  0.07750942

0.03517832 -0.20098469  0.09512886 -0.07513522  0.07712112
-0.05379493  0.08899873 -0.0424012  -0.03696034 -0.09082265
-0.09797357  0.00265999  0.12911144 -0.03154206 -0.18251014
-0.02825726 -0.12058737  0.18736708 -0.07702588  0.0772982
-0.22441301  0.07869425  0.05731927  0.07466231 -0.18309405

0.1122038  -0.10851377  0.0523799  -0.09056489 -0.1819943
-0.24092115  0.04747064  0.05999496 -0.08333077 -0.0833814
0.17852615 -0.05473515 -0.17054409  0.02919314 -0.05256246
-0.025722   -0.00387158  0.01652686  0.08413956  0.08049499
0.01493278 -0.02941253 -0.11410547 -0.00950794  0.02707619

0.00774268 -0.17771737  0.13689464 -0.0146521  -0.35109076
-0.12918064 -0.03474893  0.12546906  0.15454657  0.11244318
-0.09762047 -0.13476607 -0.10011578 -0.07773463  0.2530768
-0.06076915 -0.05598813  0.01766521  0.1987422   0.10408325
0.18623035 -0.12071427 -0.06795435 -0.06784077  0.17229165

0.0527101  -0.09160506  0.16764769  0.09417649 -0.1937433
0.00787786  0.14809108  0.09556177  0.04895206  0.21638131
-0.0781287   0.17549145  0.05417152  0.02975227  0.3265599
0.07916302 -0.0547523   0.06964879  0.18124275 -0.04156029
0.03288775 -0.14194643  0.01918584 -0.14525598  0.10567829

-0.08869939 -0.08681652 -0.13187008 -0.00797116 -0.03325683
0.01027317  0.022117   -0.03677734  0.23229504  0.17704716
0.14920536  0.17002714 -0.04107764 -0.03513643  0.18521193
-0.19516991 -0.17207135 -0.13574438  0.2254644  -0.05796367
0.05978204  0.09170029 -0.02149161 -0.04336155  0.07750942

0.03517832 -0.20098469  0.09512886 -0.07513522  0.07712112
-0.05379493  0.08899873 -0.0424012  -0.03696034 -0.09082265
-0.09797357  0.00265999  0.12911144 -0.03154206 -0.18251014
-0.02825726 -0.12058737  0.18736708 -0.07702588  0.0772982
-0.22441301  0.07869425  0.05731927  0.07466231 -0.18309405

0.1122038  -0.10851377  0.0523799  -0.09056489 -0.1819943
-0.24092115  0.04747064  0.05999496 -0.08333077 -0.0833814
0.17852615 -0.05473515 -0.17054409  0.02919314 -0.05256246
-0.025722   -0.00387158  0.01652686  0.08413956  0.08049499
0.01493278 -0.02941253 -0.11410547 -0.00950794  0.02707619

0.00774268 -0.17771737  0.13689464 -0.0146521  -0.35109076
-0.12918064 -0.03474893  0.12546906  0.15454657  0.11244318
-0.09762047 -0.13476607 -0.10011578 -0.07773463  0.2530768
-0.06076915 -0.05598813  0.01766521  0.1987422   0.10408325
0.18623035 -0.12071427 -0.06795435 -0.06784077  0.17229165

0.0527101  -0.09160506  0.16764769  0.09417649 -0.1937433
0.00787786  0.14809108  0.09556177  0.04895206  0.21638131
-0.0781287   0.17549145  0.05417152  0.02975227  0.3265599
0.07916302 -0.0547523   0.06964879  0.18124275 -0.04156029
0.03288775 -0.14194643  0.01918584 -0.14525598  0.10567829

-0.08869939 -0.08681652 -0.13187008 -0.00797116 -0.03325683
0.01027317  0.022117   -0.03677734  0.23229504  0.17704716
0.14920536  0.17002714 -0.04107764 -0.03513643  0.18521193
-0.19516991 -0.17207135 -0.13574438  0.2254644  -0.05796367
0.05978204  0.09170029 -0.02149161 -0.04336155  0.07750942
-0.16268674	0.07860029	-0.01676246	-0.02282156	0.0911659
0.11989387	0.14637102	0.04587629	0.11310198	0.14252824
-0.00872702 -0.02415553	-0.10898958	0.1451053	0.02194786
-0.02178467	0.09809516	0.07351624	0.14946951 -0.2010366
-0.04836947	0.004029	0.18009551 -0.21730913 -0.03432053

0.21043351	0.1808166	0.04651547	0.10331344	0.10330018
0.1734708	-0.08872341 -0.10545326	0.18295194	0.08819477
-0.10201039 -0.06768499	0.07796627	0.00971478 -0.3072641
-0.08049388 -0.03487251	0.10133552 -0.06426726	0.04815016
0.15680194	0.11935981 -0.11208142	0.17217176 -0.1987793

0.12022668	0.22214586	0.00717604	0.04253269	0.20381427
0.03815638	0.15155779	0.17561759	0.08070493	0.02416788
-0.15579295 -0.08876842 -0.13884597 -0.25452968 -0.29728702
0.03307146	0.06243787 -0.0810903	-0.21482812 -0.02645214
0.17960803	0.10118461 -0.1946789	0.00491829 -0.06846176

0.11197542	0.12464389	0.15697563	0.12689833	0.32892913
0.02135127	0.14778414	0.18583496 -0.17765367 -0.12263121
-0.11441963 -0.08057501 -0.02141692 -0.18288781 -0.18006863
0.09090593 -0.11209488 -0.14752433 -0.13688469	0.00904163
0.01793547	0.22096103	0.1639752	-0.07065265 -0.04155873

-0.19950122 -0.1378856	0.02015949 -0.11637603	0.15823606
-0.12064113 -0.2851226	-0.12191256	0.01018353 -0.15218283
0.02252572	0.03427662	0.08898827	0.00465816	0.20309806
0.00915721 -0.07134582 -0.11464866 -0.22055246	0.06034977
-0.11922619	0.02798845 -0.06148054 -0.02732689	0.0692336

0.06098877  0.16264956  0.06142526  0.00833505 -0.00319555
0.11118538 -0.05897236  0.01649537 -0.0347298  -0.04311636
0.02430134 -0.05396562 -0.18986568  0.17695819  0.15450688
0.01753907 -0.00531179  0.11451199 -0.2678688   0.13555568
-0.14728278  0.13955674 -0.02828466 -0.21581392 -0.06193082

0.1290955   0.01549165  0.08588772  0.04967909  0.35823256
0.04847723 -0.03661181  0.00547135  0.1252826  -0.02695136
0.01067289  0.06406634  0.01772398  0.0509729  -0.14059688
-0.09058283 -0.1729537   0.09968134 -0.29385108  0.10283333
-0.05748108  0.1357668   0.03652705 -0.07213213 -0.08062789

0.24680653 -0.17458653  0.09047123  0.07870491 -0.12776706
0.17235549  0.03304738  0.05935383 -0.08154985  0.31331423
-0.02238841  0.01193874  0.08050079  0.08587062 -0.18949325
-0.0148793  -0.15536533 -0.03011527 -0.18668172 -0.0373924
0.04958851  0.22653818 -0.01826513 -0.11994669 -0.14633162

0.02995789  0.02806549  0.02694074 -0.06188364  0.27851474
-0.08469334  0.04309463  0.2088435   0.10858018 -0.28234363
0.04006667 -0.10722211 -0.0897334  -0.24328117 -0.311876
-0.18573305 -0.04383514 -0.20496102 -0.20989637  0.06782592
0.20420249  0.0938868  -0.1052828  -0.05400733 -0.04606028

-0.09094728 -0.18459204  0.0614052  -0.12139111  0.00975667
-0.203749   -0.0623051  -0.1551879  -0.10630215 -0.17548709
0.02198534 -0.2084609   0.10451745 -0.07710578  0.25493366
0.07009958  0.00642395  0.06157817 -0.06007621 -0.04320873
0.01799891 -0.00188276 -0.16456033 -0.07481285 -0.10924838

-0.09797357  0.00265999  0.12911144 -0.03154206 -0.18251014
-0.31711727 -0.10978133  0.05971217 -0.02307716  0.06222458
-0.04330226  0.03854419  0.01317615  0.06994312  0.30278328
0.00327589 -0.02020045 -0.0451266  -0.06951237  0.15310907
-0.0733692  -0.04584216  0.13072944 -0.10192256  0.04950382

0.19151103 -0.11475156  0.20754637 -0.07869314 -0.02585329
-0.275708   -0.09396344  0.13782482 -0.054933    0.07525258
-0.02302135  0.12832677  0.21060374  0.23105903 -0.13861144
-0.04753494 -0.07970244  0.10727081 -0.04761231  0.11602408
-0.20782508 -0.01924454  0.09277174 -0.02670835 -0.02781207

0.06472961 -0.17491049  0.14635894 -0.10519417 -0.1084076
-0.06598744 -0.04458805  0.03204524 -0.11824098 -0.08872224
-0.16080117  0.06848645  0.2255476   0.08680204 -0.0460549
-0.04726142 -0.09563141  0.13041028  0.03258904  0.09356681
-0.17485847  0.04251577 -0.01065001 -0.05356041  0.082654

0.08114684 -0.11819584  0.06885935 -0.15778697  0.10235462
-0.2079296   0.05568397  0.2200384   0.1291186   0.10300889
0.09759658  0.02299581 -0.11248737  0.10958511 -0.12148642
-0.0764547   0.02019408 -0.2131901  -0.07071193  0.04775047
-0.1313501   0.15256298 -0.05293819  0.10885281  0.09007762

0.00459052 -0.12519206 -0.01182344 -0.1201366  -0.38951278
-0.18743797 -0.05096462 -0.15740325 -0.11938538 -0.14738734
0.12223739 -0.09205247 -0.02538902 -0.14218752  0.1538221
0.03308943 -0.07651496  0.07903483  0.24577793  0.01752644
-0.07799949 -0.00174616 -0.11982371  0.10807978 -0.11764374

0.01635698  0.05383346  0.03696663 -0.11821122 -0.09403197
-0.02482941 -0.03738508  0.03738166 -0.11052217 -0.2919099
0.01138477  0.22766636  0.11087573  0.01215122 -0.03167599
0.02417954 -0.19871159  0.01182729 -0.08917948  0.23679222
0.12315357 -0.09397335  0.06094307  0.23300725  0.14058504

0.13115573 -0.07173616  0.11544009  0.06244126  0.04300736
-0.18989287 -0.0762727   0.08164815 -0.10321745 -0.23677877
-0.1475718   0.16271424  0.04134551  0.13297075 -0.10395526
-0.07573898 -0.0235499  -0.10030132  0.03686752  0.3509029
-0.09473646 -0.16451013  0.16572635 -0.08134942  0.0876864

-0.19571605 -0.05629515 -0.01867954 -0.06926308 -0.27228332
-0.19006088  0.15690595  0.22162208  0.14184177 -0.07275561
0.026661   -0.07331117 -0.0458432   0.09174734  0.12485967
0.07179164  0.08048423  0.08241168  0.15081955  0.14422771
-0.03137074 -0.00451948 -0.05633242 -0.06675706  0.14696482

-0.16377765 -0.08094545 -0.15878952  0.11479244 -0.17624295
-0.17640135 -0.11086141  0.01225468 -0.0380169  -0.341279
0.07174972  0.16093528  0.14072266  0.16712666  0.17119245
-0.02422355 -0.06698456 -0.08904872  0.1786504  -0.07660612
0.00704188 -0.04315709  0.02665082 -0.02524102  0.05728298

0.1516134  -0.10073933  0.03661437 -0.00475862 -0.11717512
-0.04950548  0.21728168 -0.00846349 -0.20079213 -0.04644219
0.08737299  0.06993771 -0.08383697 -0.02951313 -0.12710594
-0.15013148 -0.06794296  0.1557483   0.17446385  0.11387317
0.16857432 -0.11079223 -0.00425241  0.26989084 -0.09259108

0.1122038  -0.10851377  0.0523799  -0.09056489 -0.1819943
-0.24092115  0.04747064  0.05999496 -0.08333077 -0.0833814
0.17852615 -0.05473515 -0.17054409  0.02919314 -0.05256246
-0.025722   -0.00387158  0.01652686  0.08413956  0.08049499
0.01493278 -0.02941253 -0.11410547 -0.00950794  0.02707619

0.00774268 -0.17771737  0.13689464 -0.0146521  -0.35109076
-0.12918064 -0.03474893  0.12546906  0.15454657  0.11244318
-0.09762047 -0.13476607 -0.10011578 -0.07773463  0.2530768
-0.06076915 -0.05598813  0.01766521  0.1987422   0.10408325
0.18623035 -0.12071427 -0.06795435 -0.06784077  0.17229165

0.0527101  -0.09160506  0.16764769  0.09417649 -0.1937433
0.00787786  0.14809108  0.09556177  0.04895206  0.21638131
-0.0781287   0.17549145  0.05417152  0.02975227  0.3265599
0.07916302 -0.0547523   0.06964879  0.18124275 -0.04156029
0.03288775 -0.14194643  0.01918584 -0.14525598  0.10567829

-0.08869939 -0.08681652 -0.13187008 -0.00797116 -0.03325683
0.01027317  0.022117   -0.03677734  0.23229504  0.17704716
0.14920536  0.17002714 -0.04107764 -0.03513643  0.18521193
-0.19516991 -0.17207135 -0.13574438  0.2254644  -0.05796367
0.05978204  0.09170029 -0.02149161 -0.04336155  0.07750942

0.03517832 -0.20098469  0.09512886 -0.07513522  0.07712112
-0.05379493  0.08899873 -0.0424012  -0.03696034 -0.09082265
-0.09797357  0.00265999  0.12911144 -0.03154206 -0.18251014
-0.02825726 -0.12058737  0.18736708 -0.07702588  0.0772982
-0.22441301  0.07869425  0.05731927  0.07466231 -0.18309405

-0.16268674	0.07860029	-0.01676246	-0.02282156	0.0911659
0.11989387	0.14637102	0.04587629	0.11310198	0.14252824
-0.00872702 -0.02415553	-0.10898958	0.1451053	0.02194786
-0.02178467	0.09809516	0.07351624	0.14946951 -0.2010366
-0.04836947	0.004029	0.18009551 -0.21730913 -0.03432053

0.21043351	0.1808166	0.04651547	0.10331344	0.10330018
0.1734708	-0.08872341 -0.10545326	0.18295194	0.08819477
-0.10201039 -0.06768499	0.07796627	0.00971478 -0.3072641
-0.08049388 -0.03487251	0.10133552 -0.06426726	0.04815016
0.15680194	0.11935981 -0.11208142	0.17217176 -0.1987793

0.12022668	0.22214586	0.00717604	0.04253269	0.20381427
0.03815638	0.15155779	0.17561759	0.08070493	0.02416788
-0.15579295 -0.08876842 -0.13884597 -0.25452968 -0.29728702
0.03307146	0.06243787 -0.0810903	-0.21482812 -0.02645214
0.17960803	0.10118461 -0.1946789	0.00491829 -0.06846176

0.11197542	0.12464389	0.15697563	0.12689833	0.32892913
0.02135127	0.14778414	0.18583496 -0.17765367 -0.12263121
-0.11441963 -0.08057501 -0.02141692 -0.18288781 -0.18006863
0.09090593 -0.11209488 -0.14752433 -0.13688469	0.00904163
0.01793547	0.22096103	0.1639752	-0.07065265 -0.04155873

-0.19950122 -0.1378856	0.02015949 -0.11637603	0.15823606
-0.12064113 -0.2851226	-0.12191256	0.01018353 -0.15218283
0.02252572	0.03427662	0.08898827	0.00465816	0.20309806
0.00915721 -0.07134582 -0.11464866 -0.22055246	0.06034977
-0.11922619	0.02798845 -0.06148054 -0.02732689	0.0692336

0.06098877  0.16264956  0.06142526  0.00833505 -0.00319555
0.11118538 -0.05897236  0.01649537 -0.0347298  -0.04311636
0.02430134 -0.05396562 -0.18986568  0.17695819  0.15450688
0.01753907 -0.00531179  0.11451199 -0.2678688   0.13555568
-0.14728278  0.13955674 -0.02828466 -0.21581392 -0.06193082

0.1290955   0.01549165  0.08588772  0.04967909  0.35823256
0.04847723 -0.03661181  0.00547135  0.1252826  -0.02695136
0.01067289  0.06406634  0.01772398  0.0509729  -0.14059688
-0.09058283 -0.1729537   0.09968134 -0.29385108  0.10283333
-0.05748108  0.1357668   0.03652705 -0.07213213 -0.08062789

0.24680653 -0.17458653  0.09047123  0.07870491 -0.12776706
0.17235549  0.03304738  0.05935383 -0.08154985  0.31331423
-0.02238841  0.01193874  0.08050079  0.08587062 -0.18949325
-0.0148793  -0.15536533 -0.03011527 -0.18668172 -0.0373924
0.04958851  0.22653818 -0.01826513 -0.11994669 -0.14633162

0.02995789  0.02806549  0.02694074 -0.06188364  0.27851474
-0.08469334  0.04309463  0.2088435   0.10858018 -0.28234363
0.04006667 -0.10722211 -0.0897334  -0.24328117 -0.311876
-0.18573305 -0.04383514 -0.20496102 -0.20989637  0.06782592
0.20420249  0.0938868  -0.1052828  -0.05400733 -0.04606028

-0.09094728 -0.18459204  0.0614052  -0.12139111  0.00975667
-0.203749   -0.0623051  -0.1551879  -0.10630215 -0.17548709
0.02198534 -0.2084609   0.10451745 -0.07710578  0.25493366
0.07009958  0.00642395  0.06157817 -0.06007621 -0.04320873
0.01799891 -0.00188276 -0.16456033 -0.07481285 -0.10924838

-0.09797357  0.00265999  0.12911144 -0.03154206 -0.18251014
-0.31711727 -0.10978133  0.05971217 -0.02307716  0.06222458
-0.04330226  0.03854419  0.01317615  0.06994312  0.30278328
0.00327589 -0.02020045 -0.0451266  -0.06951237  0.15310907
-0.0733692  -0.04584216  0.13072944 -0.10192256  0.04950382

0.19151103 -0.11475156  0.20754637 -0.07869314 -0.02585329
-0.275708   -0.09396344  0.13782482 -0.054933    0.07525258
-0.02302135  0.12832677  0.21060374  0.23105903 -0.13861144
-0.04753494 -0.07970244  0.10727081 -0.04761231  0.11602408
-0.20782508 -0.01924454  0.09277174 -0.02670835 -0.02781207

0.06472961 -0.17491049  0.14635894 -0.10519417 -0.1084076
-0.06598744 -0.04458805  0.03204524 -0.11824098 -0.08872224
-0.16080117  0.06848645  0.2255476   0.08680204 -0.0460549
-0.04726142 -0.09563141  0.13041028  0.03258904  0.09356681
-0.17485847  0.04251577 -0.01065001 -0.05356041  0.082654

0.08114684 -0.11819584  0.06885935 -0.15778697  0.10235462
-0.2079296   0.05568397  0.2200384   0.1291186   0.10300889
0.09759658  0.02299581 -0.11248737  0.10958511 -0.12148642
-0.0764547   0.02019408 -0.2131901  -0.07071193  0.04775047
-0.1313501   0.15256298 -0.05293819  0.10885281  0.09007762

0.00459052 -0.12519206 -0.01182344 -0.1201366  -0.38951278
-0.18743797 -0.05096462 -0.15740325 -0.11938538 -0.14738734
0.12223739 -0.09205247 -0.02538902 -0.14218752  0.1538221
0.03308943 -0.07651496  0.07903483  0.24577793  0.01752644
-0.07799949 -0.00174616 -0.11982371  0.10807978 -0.11764374

0.01635698  0.05383346  0.03696663 -0.11821122 -0.09403197
-0.02482941 -0.03738508  0.03738166 -0.11052217 -0.2919099
0.01138477  0.22766636  0.11087573  0.01215122 -0.03167599
0.02417954 -0.19871159  0.01182729 -0.08917948  0.23679222
0.12315357 -0.09397335  0.06094307  0.23300725  0.14058504

0.13115573 -0.07173616  0.11544009  0.06244126  0.04300736
-0.18989287 -0.0762727   0.08164815 -0.10321745 -0.23677877
-0.1475718   0.16271424  0.04134551  0.13297075 -0.10395526
-0.07573898 -0.0235499  -0.10030132  0.03686752  0.3509029
-0.09473646 -0.16451013  0.16572635 -0.08134942  0.0876864

-0.19571605 -0.05629515 -0.01867954 -0.06926308 -0.27228332
-0.19006088  0.15690595  0.22162208  0.14184177 -0.07275561
0.026661   -0.07331117 -0.0458432   0.09174734  0.12485967
0.07179164  0.08048423  0.08241168  0.15081955  0.14422771
-0.03137074 -0.00451948 -0.05633242 -0.06675706  0.14696482

-0.16377765 -0.08094545 -0.15878952  0.11479244 -0.17624295
-0.17640135 -0.11086141  0.01225468 -0.0380169  -0.341279
0.07174972  0.16093528  0.14072266  0.16712666  0.17119245
-0.02422355 -0.06698456 -0.08904872  0.1786504  -0.07660612
0.00704188 -0.04315709  0.02665082 -0.02524102  0.05728298

0.1516134  -0.10073933  0.03661437 -0.00475862 -0.11717512
-0.04950548  0.21728168 -0.00846349 -0.20079213 -0.04644219
0.08737299  0.06993771 -0.08383697 -0.02951313 -0.12710594
-0.15013148 -0.06794296  0.1557483   0.17446385  0.11387317
0.16857432 -0.11079223 -0.00425241  0.26989084 -0.09259108

0.1122038  -0.10851377  0.0523799  -0.09056489 -0.1819943
-0.24092115  0.04747064  0.05999496 -0.08333077 -0.0833814
0.17852615 -0.05473515 -0.17054409  0.02919314 -0.05256246
-0.025722   -0.00387158  0.01652686  0.08413956  0.08049499
0.01493278 -0.02941253 -0.11410547 -0.00950794  0.02707619

0.03517832 -0.20098469  0.09512886 -0.07513522  0.07712112
-0.05379493  0.08899873 -0.0424012  -0.03696034 -0.09082265
-0.09797357  0.00265999  0.12911144 -0.03154206 -0.18251014
-0.02825726 -0.12058737  0.18736708 -0.07702588  0.0772982
-0.22441301  0.07869425  0.05731927  0.07466231 -0.18309405